A = 0.04523
B = 0.1058
C = 0.03667
D = 0.04905
E = 0.04798
F = 0.1218
G = 0.07794
H = 0.1603
I = 0.1464
J = 0.125
K = 0.08375
